vocabSize:1186	docNum:2331
0 ,1 ,2 ,3 ,4 ,5 ,6 ,7 ,8 ,9 ,10 ,11
12 ,13 ,14 ,15 ,16
17 ,18
19 ,20 ,21 ,22 ,1 ,23 ,24 ,25 ,26 ,27 ,28 ,29 ,30 ,31 ,32 ,33 ,34 ,35 ,36 ,37 ,17 ,18 ,38 ,39 ,40 ,41 ,42 ,43 ,44 ,45 ,46 ,47 ,48 ,49 ,50 ,51 ,52 ,53 ,54 ,55 ,56 ,57 ,58 ,59 ,60 ,61 ,62 ,63 ,64 ,65 ,66 ,67 ,68 ,69 ,70 ,71 ,72 ,73 ,74 ,75 ,76 ,77 ,78 ,79 ,80 ,81 ,82 ,83 ,84 ,85 ,86 ,87 ,88 ,89 ,90 ,91 ,92 ,93 ,94 ,95 9 ,97 ,98 ,99 ,100 ,101 ,102 ,103 ,104 ,105 ,106 ,107 ,108 ,109 ,110 ,111 ,112 ,113 ,114 ,115 ,116 ,117 ,118 ,119 ,120 ,121 ,122 ,123 ,124 ,125 ,126 ,127 ,128 ,129 ,3 ,130 ,131 ,132 ,133 ,134 ,135 ,136 ,137 ,138 ,139 ,140 ,141 ,142 ,143 ,144 ,145 ,146 ,147 ,148 ,149 ,150 ,151 ,152 ,6 ,153 ,154 ,155 ,156 ,157 ,158 ,159 ,160 ,161 ,162 ,163 ,164 ,165 ,166 ,167 ,168 ,169 ,170 ,171 ,172 ,173 ,174 ,175 ,176 ,177 ,178 ,179 ,180 ,181 ,182 ,183 ,184 ,185 ,186 ,187 ,188 ,189 ,190 ,191 ,192 ,193 ,194 ,195 ,196 ,197 ,198 ,199 ,200 ,201 ,202 ,203 ,204 ,205 ,206 ,207 ,208 ,209 ,210 ,211 ,212 ,213 ,214 21 ,216 ,217 ,218 ,219 ,220 ,221 ,222 ,223 ,224 ,225 ,226 ,227 ,228 ,229 ,230 ,231 ,232 ,233 ,234 ,235 ,236 ,237 ,238 ,239 ,240 ,241 ,242 ,243 ,244 ,245 ,246 ,247 ,248 ,249 ,0 ,250 ,251 ,252 ,253 ,254 ,255 ,256 ,257 ,258 ,259 ,260 ,261 ,262 ,263 ,264 ,265 ,266 ,267 ,268 ,269 ,270 ,271 ,272 ,273 ,274 ,275 ,276 ,277 ,278 ,279 ,5 ,280 ,281 ,282 ,283 ,284 ,285 ,286 ,287 ,288 ,289 ,290 ,291 ,292 ,293 24 ,294 ,295 ,296 ,297 ,298 ,299 ,300 ,301 ,302 ,303 ,304 ,305 ,306 ,307 ,308 ,259 30 ,310 ,311 ,312 ,313 ,314 ,315 ,316 ,317 ,318 ,319
320
321
170 ,322 ,323
324 ,325 ,326
327 ,328 ,329 ,330
331 12 ,332 ,333 ,334 ,30 ,335 ,263 ,336 ,337 ,338 ,339 ,340 ,288 ,149 ,341 ,342 ,343 ,344 ,234 ,345 ,346 ,314 ,347
348 ,349 ,350 ,263 ,298 ,351 ,352 ,313 ,353 ,354
355
328 ,356
357 ,358
248
359 ,360
263 ,361
361 ,263
362
363 ,364 ,365 ,366 ,367 ,368 ,263 ,369 ,49 ,209 ,370 ,371 ,372 ,373 ,374 ,375 ,376 ,377 ,378 ,379 ,182
220 ,380 ,381
0 ,263
18 ,235 ,382 ,383 ,384 ,385
386
387 ,388 ,389 ,14 ,390 ,331 5 ,298 ,391
387
355
392
393
394 ,288 ,395 ,396 ,397 ,194
5
398
399
5
114
400
401 ,402 ,403 ,404 ,313
230
405 ,406 ,407 ,408 ,409 ,410 ,411 ,412 ,259 ,413 ,261 ,414 ,415 ,416 ,417 ,418 ,265 ,419 ,420 ,421 ,38 ,269 ,422 ,423 ,424 ,44 ,425 ,51 ,403 ,426 ,427 ,428 ,429 ,144 ,430 ,431 ,432 ,433 ,434 ,435 ,436 ,437 ,438 ,439 ,440 ,441 ,148 ,67 ,442 ,443 ,220 ,221 ,372 ,444 ,445 ,446 ,447 ,294 ,448 ,449 ,450 ,327 ,451 ,452 ,453 ,454 ,455 ,456 ,457 ,458 ,436 403 45 ,241 ,459 ,460 ,461 ,174 ,315 ,462 ,463 ,464 ,465 ,466 ,391
9
263 ,467 ,18 ,4 ,468 ,147 ,6 ,469 ,470 ,93 ,95 9 ,98 ,184
471 ,215 ,132 ,170 ,51 ,156 ,298 ,184
387 ,132
472
473 ,474 ,44 ,356 ,273 ,475 ,476 ,146 ,477 ,478 ,479 ,480 ,352 ,481 ,482 ,313 ,353
483 ,484
146 ,400 ,114 ,485 ,115 ,486 ,170 ,487 ,273 ,56 ,184
380
170 ,488
415 ,489
335
490 ,230
491
492
493 ,494 ,495
493 ,494 ,495
496 ,345 ,497
497 ,496 ,345
321 ,498
156
263
417
337 ,97 ,499 ,500
501 ,502
503 ,41 ,170 ,504 ,5
505 ,506 ,18 ,507 ,508 ,487 ,509 ,295 ,386 ,510 ,298
511 ,275 ,378 ,512
282 ,513 ,514 ,515 ,263 ,298 ,516 ,170 ,93 ,95 9 ,248
501 ,517 ,518 ,508 ,487 ,275 ,315
417
519 ,18
518
286 ,520 ,449 ,263 ,33 ,517 ,521 ,38 ,522 ,523 ,524 ,525
18 ,170
526
19 ,38 ,515 ,263
91
527 ,219
528
19 ,38 ,515 ,529 ,263
530 ,531
5
6
162
219 ,295 ,66
530 ,531
532 ,533 ,263
6
321 ,348 ,534 ,535
536 ,537
263
538 ,162
263
539 ,540 ,541 ,542 ,256 ,260 ,324 ,325 ,293 24 ,543 ,156 ,481 ,235 ,452 ,165 ,544 ,331 ,459 ,524 ,248
545
546 ,263 ,547
546 ,263 ,547
545
27 ,548
545
487 25 ,549 55 ,230
530 ,531
539 ,432 ,551 ,552 ,260 ,553 ,554 45 ,555 ,556 ,156 ,557 ,248 ,230 ,209
501
501
298
6 ,156
147
8
1
386
558
170 ,559 ,560
561
562 ,167 ,170 ,563 ,564 ,5
170 ,459 ,114 ,565
566
280 ,41
567 ,295 ,66 ,219 ,399
263 ,568
353
569 ,531 ,570 ,530 ,386
263 ,568
36 ,170 ,571 ,313
353
18
540
572
142 ,44 ,399
113 ,573
132 ,574
162 ,575
142 ,399
576 ,114 ,41 ,399
577 ,399
246
258
1 ,286 ,578 ,579 ,263 ,580 ,581 ,582 ,583 ,584 ,585
258
357 ,358
450 ,586 ,214 ,587 ,588 ,589 ,315 ,590 ,591 ,586 59 ,593 ,454 ,594 ,455 ,595 ,403 45 ,596 ,597 ,598
167 ,56 ,170
140 ,209
95 9 ,41 ,195 ,170
220 ,362 ,313
450 ,588 ,589 ,590 ,454 ,594 ,455 ,595 ,596 ,597 ,586 ,214 ,587 ,315 ,591 ,586 59 ,593 ,403 45 ,598
19 ,1 ,599 ,600 ,601 ,602
603
356 ,604
140 ,209
311 ,232
356
605
19 ,21 ,187 ,24 ,29 ,195 ,51 ,55 ,209 ,213 ,65 ,68 ,70 ,72 ,220 ,74 ,78 ,79 ,80 ,225 ,82 ,230 ,231 ,91 ,95 9 ,241 ,242 ,100 ,109 ,256 ,113 ,121 ,267 ,127 ,270 ,271 ,272 ,278 ,152 ,153 ,154 ,293 24 ,162 ,163 ,304 ,308 ,313 ,178 ,318 ,184
93
1 ,246 ,209
606
5
605
607 ,24 ,608 ,28 ,132 ,41 ,273 ,52 ,527 ,609 ,62 ,280 ,213 ,285 ,610 ,611 ,71 ,152 ,225 ,163 ,612 ,165 ,613 ,170
356 ,604
614 ,615 ,114 ,162 ,616 ,184
170
617
399
399
526 ,450 ,493 ,618 ,619 ,356 ,620
469
602 ,356
220 ,380 ,381
170
220 ,380 ,381
219 ,278 ,399
621
526
622
570
298
623
624 ,625 ,441 ,66 ,626 ,114 ,556 ,156 ,490 ,459 31 ,298 ,230 ,503 ,232 ,387 ,130 ,627 ,132 ,269 ,550 ,602 ,315 ,353 ,338 ,628 ,177 ,209
629
549
630 ,93
399
298
400 ,631
632 ,633
634
400 ,631
356
362
18
233
1 ,563
556
56
635 ,577 ,93
18 ,636 ,170 ,93 ,71 ,112 ,228
313
637 ,167 ,24 ,638 ,639 ,263
184
170
0 ,640 ,256 ,641 ,3 ,642 ,5 ,6 ,156 ,7 ,230 ,165 ,9 ,643 ,241 ,644 ,313
184
281 ,209
645 ,193 ,399 ,36 ,646 ,170 ,93 ,56 ,5 ,647
1 ,648 ,399 ,36 ,649 ,170 ,571 ,174
650 ,651 ,87 ,167 ,51
645 ,193 ,399 ,36 ,646 ,170 ,93 ,174 ,56 ,5 ,647
652 ,315 ,653
654 ,655
656 ,657 ,256 ,658 ,415 ,417 ,537 ,659 ,660 ,120 ,661 ,34 ,356 ,337 ,537 49 ,662 ,663 ,338 ,664 ,57 ,500 ,400 ,220 ,665 ,666 ,536 ,553 ,667 ,342 ,668 ,343 ,501 ,352 ,669 ,538 ,670 ,535 ,671 ,346 ,314 ,672 ,391 ,673
18
481 ,170 ,51
674 ,675 ,551 ,354 ,477
19
676
437 ,677 ,678 ,679 ,398 ,324 ,325 ,680 ,681 ,682 ,683 ,684 ,685 ,606 ,686 ,687
688
551
67 ,689 ,690
624
552 ,156 24 ,259 ,260 ,553 ,293 24 ,554 45 ,556 ,490 ,156 ,691 ,230 ,343 ,128 ,91 ,260 15 ,692 ,338 ,557 ,248 ,209
18
114 ,246 ,170
661
41
661
661
114
281 ,6 ,257 ,693 ,297
694 ,695 ,696 ,697 ,698 ,699 ,501 ,303 ,700 ,701 ,95 9 ,702 ,703
704
705 ,501 ,537
503 ,343 ,165 ,189 ,170 ,220 ,114 ,706 ,707 ,708 ,230
263
109
258 ,385 ,263 ,298 ,85 ,165 ,709 ,170 ,710 ,310 ,602 ,246 ,56
132 ,51 ,114
476 ,189 ,711 ,114 ,132 ,165 ,41 ,170 ,51 ,712
1 ,189 ,713 ,114 ,706 ,707 ,490 ,230 ,714 ,503 ,343 ,715 ,165 ,423 ,170 ,93 ,51 ,52 ,189 71 ,716 ,708 ,717
476 ,132
718 ,719 ,720
273 ,721 ,230
132 ,51 ,114
170
476 ,132 ,711
476 ,132
273 ,721 ,230
24 ,263 ,198 ,17 ,56 ,58 ,6 ,233 ,87 ,722 ,181
215 ,230
723 ,70 ,273
348
273 ,724 ,298
714 ,220
637 ,167 ,24 ,638 ,639 ,263
220 ,170
343 ,315 ,490
165 ,725 ,319
726
343 ,315 ,490
212 ,727 ,728 ,584 ,71 ,399
170
721 ,273
189 ,713 ,114 ,490 ,263 ,714 ,729 ,132 ,423 ,730 ,51 ,52 ,716 ,717 ,215 ,731 ,483 ,706 ,707 ,230 ,503 ,343 ,715 ,732 ,165 ,170 ,93 ,171 ,733 734  ,189 71 ,735 ,708
170
215 ,230
215 ,165 ,348 ,736 ,230
737
736 ,556 ,738 ,739
740 ,6 ,263 ,298 ,741 ,85 ,91 ,175
624 ,742 ,66 ,219 ,189 ,384 ,490 ,263 ,230 ,743 ,714 ,487 ,744 ,745 ,177 ,316 ,746 ,209
434 ,747 ,748 ,331 12 ,220 ,749 ,324 ,556 ,750 ,604 ,751 ,752
624 ,753 ,189 ,754 ,714 ,755 ,338 22 ,756 ,757 ,288 ,758 ,298 ,759 ,230 ,760 ,91 ,761 ,189 71
762
452 ,490
490 ,230
602
577
763
492 25
224 ,170
91
91
209
572
184
376 ,310
92
572
19 ,21 ,187 ,24 ,27 ,29 ,195 ,35 ,36 ,37 ,39 ,202 ,40 ,43 ,46 ,47 ,51 ,205 ,55 ,207 ,209 ,61 ,62 ,213 ,65 ,217 ,68 ,219 ,70 ,72 ,220 ,74 ,78 ,79 ,80 ,225 ,82 ,230 ,231 ,86 ,234 ,235 ,87 ,236 ,91 ,238 ,95 9 ,241 ,242 ,100 ,104 ,251 ,107 ,108 ,109 ,255 ,256 ,111 ,259 ,113 ,115 ,262 ,117 ,118 ,119 ,121 ,263 ,123 ,267 ,127 ,270 ,271 ,272 ,276 ,277 ,278 ,284 ,287 ,289 ,149 ,290 ,152 ,153 ,154 ,293 24 ,161 ,162 ,301 ,163 ,304 ,306 ,307 ,308 ,311 ,174 ,313 ,314 ,178 ,318 ,183 ,185 ,184
91
607 ,552 ,6 ,764 ,156 ,765 ,41 ,766 ,95 9 ,5
492 25 ,91
492 25
184
156
184
767 ,91 ,50 ,487 25
768
170 ,769 ,490 ,741
258
767 ,91 ,50 ,487 25
1
554 ,472
156
569 31
184
315
311 ,537 ,770 ,389
771 ,147 ,599 ,273 ,577 ,56
356
772
773 ,1 ,774
687 ,775 ,156
109
156 ,553
343 ,553 ,293 24 ,338 ,490 ,156 ,91 ,691 ,209
193
91 ,170
91 ,170
776 ,777
537
481 ,170 ,171 ,51 ,263
778
170
779 17
38 ,386 ,292
220 ,114 ,342 ,327 ,235 ,780 ,93 ,781 ,466
782 ,232
492
209
782 ,232
783
224
224 ,170
698
324 ,784
783
224 ,170
1 ,785
786
635 ,372 ,787
490
788 ,789 ,790 ,791 ,398 ,258 ,114 ,193 ,792 ,577 ,119 ,265 ,793 ,33 ,794 ,131 ,41 ,795 ,271 ,796 ,797 ,5 ,703 ,798 ,799 ,737 ,285 ,66 ,800 ,801 ,69 ,70 ,802 ,803 ,804 ,805 ,449 ,759 ,230 ,806 ,170 ,310 ,644 ,807 ,808 ,809 ,177 ,810 ,811
213 ,230
559 ,560 ,170
57
119
812 ,813 ,814 ,300 ,230 ,209
815
530 ,258
91
95 9
816 ,258
556 ,156 ,156 24 ,342
815
817
298 ,818 ,170 ,95 9
212
263
156 ,308
91
109
556
819
536 ,537
541 ,820 ,821 ,31 ,822 ,823 ,824 ,825
577
540 ,826 ,595 ,596 ,827 ,416 ,828 ,784 ,598 ,44 ,829 ,386 ,830 ,831 ,594 ,444 ,450 ,454 ,455 ,391 ,832
38 ,833 ,834 ,258 ,263
156
295 ,776 ,835 ,777
273 ,787 ,399
836 ,263
128 ,535 ,735 ,263 ,837
838 ,839
840 ,841 ,842 ,184
562 ,167 ,170 ,563 ,564 ,5
843 ,392
771 ,844 ,569 ,531 ,91 ,845 ,550 ,487 ,346 ,846 ,209
91
641 ,847
848 ,156 24 ,553 ,556 ,156 ,342 ,230 ,91 ,550
657 ,400 ,849 ,850 ,537 ,566 ,490 ,121 ,667 ,313
415
400 ,313 ,667
851 ,852 ,853 ,193 ,759 ,131 ,854 ,209 ,811
400 ,313 ,667
667
215 ,706 ,556 ,490 ,739
128 ,557 ,550 ,209
1 ,855 ,263
215 ,1 ,552 ,739 ,153 ,260 ,553 ,706 ,490 ,128 ,856 ,550 ,10
128 ,156 ,557 ,552 ,550 ,209
550 ,209
857 ,367 ,415
718 ,858 ,859 ,730 ,209 ,860 ,60 ,63 ,861 ,862 ,294 ,863 ,864 ,241 ,248
91 ,246 ,209 ,865
528 ,866 ,66 ,71 ,867 ,156 ,263 ,698 ,868 ,91 ,307 ,869 ,5
870 ,871 ,872 ,873 ,691 ,342 ,38 ,91 ,874 ,875 ,307 ,492 ,609 ,876 ,512
91 ,209
870 ,871 ,872 ,873 ,691 ,342 ,38 ,91 ,874 ,875 ,307 ,492 ,609 ,876 ,512 ,209
784
877 ,870 ,91 ,856 ,878 ,497 ,879 ,880 ,57 ,184 ,209
435
434 ,881 ,882 ,443 ,444 ,324 ,415 ,416 ,454 ,44 ,403 ,459 ,315 ,883 ,391 ,621 ,430
435
654 ,884 ,209
399
885 ,338 ,552
881 ,282 ,732 ,886 ,454 ,403 ,537 49 ,324 ,315 ,883 ,386 ,391 ,621 ,784
637
737 ,887 ,70 ,888 ,889 ,890 ,343
637
85 ,263
251 ,43 ,891 ,25 ,475 ,892 ,244 ,537 ,893 ,156 ,894 ,895 ,33
896
897 ,298
817 ,898
554 ,899
900
170
92
298 ,897
901 ,490
92 ,497
258
248
170 ,258
298 ,902 ,492
156
903
732
904 ,344 ,351 ,345 ,674 ,663 ,905 ,338 ,906
92 ,389 ,906
282 ,657 ,907 ,361 ,70 ,477 ,256 ,908 ,909 ,30 ,225 ,910 ,668 ,342 ,330 ,351 ,496 ,901 ,911 ,912 ,913 ,346 ,353 ,914 ,915 ,916 ,917 ,918 ,919 ,920 ,921
904 ,345 ,922 ,905
408 ,596 ,923 ,353 ,924 ,350
925
95 9 ,773 ,926 ,167 ,927
273
170
209
857 ,97
928 ,91 ,896 ,109 ,487 ,490 ,929 ,865
836 ,562 ,563 ,263
490 ,5 ,109 ,865
132 ,170 ,71 ,114 ,263
147
209
57
34
121
661
536 ,537
175
501 ,661
170
220 ,930 ,537 ,308 50
170 ,504 ,931
324 ,591 ,586 59 ,454 ,750
624 ,739 ,556 ,298 ,314 ,628 ,209
170
932 ,162
18
66 ,933 ,934 ,935 ,114 ,556 ,490 ,691 ,298 ,230 ,343 ,503 ,232 ,387 ,130 ,550 ,241 ,177
327 ,387
936 ,219 ,490 ,156 ,230 ,343 ,937 ,938 ,165 ,550 ,554 ,315 ,184 ,209
932 ,256 ,56
816 ,258 ,939
399
624 ,940 ,941 ,942 ,215 ,452 ,943 ,944 ,945 ,739 ,487 ,946 ,947 ,948 ,949 ,490 ,950 ,951 ,952 ,953 ,229 ,230
215 ,452 ,165 ,954 ,189 ,554 ,459 ,315 ,721 ,114 ,490 ,609 ,955 ,230
723 ,554 ,956 ,315 ,230
957 ,911 ,958 ,14 ,361 ,535 ,959
624 ,742 ,66 ,219 ,189 ,384 ,490 ,263 ,230 ,743 ,714 ,487 ,744 ,745 ,177 ,316 ,746 ,209
315 ,732 ,114 ,41 ,170
537
230
165 ,189 ,114 ,556 ,568 ,230
189 ,739 ,114 ,556 ,960 ,961 ,230
114 ,490 ,41 ,962 ,57 ,963 ,63 ,964 ,300 ,965 ,501 ,966 ,508 ,98 ,967 ,869 ,968
969 ,970
327 ,170 ,399
132
971 ,972
973 ,507
56
502
327 ,41 ,170 ,399
974
132 ,93
132
974
263 ,300 ,975 ,92 ,249
540
0
92 ,300
44 ,976
386
44 ,248 ,399
44 ,977 ,399
978 ,869
214
44 ,248 ,399
248
44 ,977 ,399
977
44 ,977 ,399
979 ,980 ,6
557
981 ,43
473 ,596 ,313 ,350
487 25
399
924
348
608
870 ,71 ,982 ,184
924
348
486 ,983
46
323 ,608
840
219
984 ,521 ,263
969
452 ,490
624 ,657 ,754 ,554 45 ,490 ,120 ,751 ,641 ,985 ,338 22 ,986 ,730 ,744 ,57 ,703 ,771 ,213 ,987 ,723 ,148 ,988 ,989 ,149 ,990 ,220 ,341 ,758 ,230 ,503 ,232 ,760 ,452 ,241 ,315 ,991 ,185
607 ,552 ,6 ,764 ,156 ,765 ,41 ,766 ,95 9 ,5
256 ,98
273
645 ,193 ,399 ,36 ,646 ,170 ,93 ,56 ,5 ,647
561
52
810 ,91
992 ,506 ,722
993 ,170 ,840
95 9 ,170
994
603
870 ,263
399
17
603 ,399
263 ,298
509 ,995
17 ,996 ,246 ,263 ,603
91 ,997
992
170 ,559
114
997
263
998 ,995 ,999 ,194
624 ,625 ,441 ,66 ,189 ,114 ,490 ,459 31 ,230 ,232 ,132 ,269 ,932 ,550 ,315 ,338 ,177
39
66 ,114
1000 ,1001 ,1002 ,1003 ,1004 ,1005 ,1006 ,1007 ,1008 ,638 ,309 ,1009 ,1010 ,38 ,1011 ,1012 ,42 ,46 ,1013 ,1014 ,1015 ,1016 ,1017 ,1018 ,860 ,1019 ,1020 ,1021 ,63 ,64 ,217 ,1022 ,1023 ,1024 ,1025 ,1026 ,1027 ,1028 ,1029 ,806 ,1030 ,1031 ,1032 ,1033 ,1034 ,1035 ,1036 ,1037 ,1038 ,1039 ,1040 ,1041 ,1042 ,1043 ,1044 ,1045 ,1046 ,108 ,1047 ,1048 ,1049 ,259 ,1050 ,1051 ,385 ,1052 ,1053 ,1054 ,1055 ,1056 ,506 ,1057 ,1058 ,1059 ,1060 ,1061 ,1062 ,1063 ,1064 ,1065 ,757 ,1066 ,1067 ,987 ,1068 ,541 ,288 ,1069 ,1070 ,1071 ,1072 ,1073 ,1074 ,1075 ,873 ,1076 ,1077 ,1078 ,743 ,1079 ,164 ,899 ,1080 ,1081 ,1082 ,1083 ,1084 ,1085 ,1086 ,1087 ,1088 ,1089 ,968 ,1090 ,1091 ,1092
263
165 ,1093 ,490
215 ,156 ,298 ,471 ,132 ,170 ,51 ,184
313 ,298
1094 ,162
170 ,1095 ,650
275 ,1096 ,263
190
193 ,263
220 ,114 ,342 ,327 ,235 ,780 ,93 ,781 ,466
507 ,487 ,209
1097 ,1098 ,50 ,1099 ,1100 ,209
1
266 ,1101
501 ,507 ,520 ,1102 ,490 ,1103 ,965
18
312 ,263 ,510
51 ,132
147
275 ,1096 ,263
170
324
175
156
1104 ,194
770 ,657 ,400 ,849 ,850 ,537 ,566 ,490 ,121 ,667 ,18 ,487 ,313 ,1105 ,56
691 ,41
459 ,721 ,165 ,189 ,161
537 ,1094
351 ,298
263 ,1106
351 ,298
1107
219 ,331 ,209
263
1108 ,129 ,91 ,1109 ,492 ,1110 ,846 ,120
1111 ,877 ,1112 ,263 ,209
1113 ,574 ,1114 ,1115 ,1116 ,805 ,1117 ,1118 ,1119 ,1120 ,1121 ,1122 ,1123 ,492 ,1124 ,1125 ,1126 ,1127 ,209
1128
361 ,263
356
298
41 ,44 ,579 ,263
324
475 ,1129 ,1130 ,1131
463 ,477
766 ,527 ,1132 ,213
24
481 ,274 ,174 ,324
114
836 ,263 ,122
24
718 ,1133 ,1134 ,1135 ,2 ,1136 ,1137 ,1138 ,1139 ,1140 ,1141 ,1142 ,1143 ,1144 ,1145 ,419 ,17 ,1146 ,1147 ,1148 ,1149 ,1150 ,386 ,56 ,5 ,703 ,1151 ,63 ,1152 ,147 ,1153 ,1154 ,779 ,1155 ,553 ,515 ,1156 ,298 ,342 ,699 ,1157 ,1158 ,1159 ,1160 ,700 ,167 ,1161 ,307 ,1162 ,95 9 ,1163 ,378 ,1164 ,466 ,1165 ,1166 ,247 ,248 ,184
356
695 ,95 9 ,699
157
59 ,904 ,220 ,1167 ,472 ,1168 ,344 ,345 ,1169 ,1170 ,1171 ,1172 ,922 ,905 ,1173 ,906
1146
41 ,1174 ,1175 ,57 ,209 ,1176 ,66 ,552 ,1177 ,764 ,446 ,230 ,765 ,234 ,235 ,91 ,240 ,95 9 ,1039 ,1178 ,263 ,1179 ,1180 ,273 ,475 ,686 ,5 ,703 ,435 ,1181 ,6 ,814 ,156 ,1182 ,164 ,165 ,766 ,376 ,346
1183
8 ,1184
0 ,1 ,2 ,3 ,4 ,5 ,6 ,7 ,8 ,9 ,10 ,11
12 ,13 ,14 ,15 ,16
17 ,18
19 ,20 ,21 ,22 ,1 ,23 ,24 ,25 ,26 ,27 ,28 ,29 ,30 ,31 ,32 ,33 ,34 ,35 ,36 ,37 ,17 ,18 ,38 ,39 ,40 ,41 ,42 ,43 ,44 ,45 ,46 ,47 ,48 ,49 ,50 ,51 ,52 ,53 ,54 ,55 ,56 ,57 ,58 ,59 ,60 ,61 ,62 ,63 ,64 ,65 ,66 ,67 ,68 ,69 ,70 ,71 ,72 ,73 ,74 ,75 ,76 ,77 ,78 ,79 ,80 ,81 ,82 ,83 ,84 ,85 ,86 ,87 ,88 ,89 ,90 ,91 ,92 ,93 ,94 ,95 9 ,97 ,98 ,99 ,100 ,101 ,102 ,103 ,104 ,105 ,106 ,107 ,108 ,109 ,110 ,111 ,112 ,113 ,114 ,115 ,116 ,117 ,118 ,119 ,120 ,121 ,122 ,123 ,124 ,125 ,126 ,127 ,128 ,129 ,3 ,130 ,131 ,132 ,133 ,134 ,135 ,136 ,137 ,138 ,139 ,140 ,141 ,142 ,143 ,144 ,145 ,146 ,147 ,148 ,149 ,150 ,151 ,152 ,6 ,153 ,154 ,155 ,156 ,157 ,158 ,159 ,160 ,161 ,162 ,163 ,164 ,165 ,166 ,167 ,168 ,169 ,170 ,171 ,172 ,173 ,174 ,175 ,176 ,177 ,178 ,179 ,180 ,181 ,182 ,183 ,184 ,185 ,186 ,187 ,188 ,189 ,190 ,191 ,192 ,193 ,194 ,195 ,196 ,197 ,198 ,199 ,200 ,201 ,202 ,203 ,204 ,205 ,206 ,207 ,208 ,209 ,210 ,211 ,212 ,213 ,214 21 ,216 ,217 ,218 ,219 ,220 ,221 ,222 ,223 ,224 ,225 ,226 ,227 ,228 ,229 ,230 ,231 ,232 ,233 ,234 ,235 ,236 ,237 ,238 ,239 ,240 ,241 ,242 ,243 ,244 ,245 ,246 ,247 ,248 ,249 ,0 ,250 ,251 ,252 ,253 ,254 ,255 ,256 ,257 ,258 ,259 ,260 ,261 ,262 ,263 ,264 ,265 ,266 ,267 ,268 ,269 ,270 ,271 ,272 ,273 ,274 ,275 ,276 ,277 ,278 ,279 ,5 ,280 ,281 ,282 ,283 ,284 ,285 ,286 ,287 ,288 ,289 ,290 ,291 ,292 ,293 24 ,294 ,295 ,296 ,297 ,298 ,299 ,300 ,301 ,302 ,303 ,304 ,305 ,306 ,307 ,308 ,259 30 ,310 ,311 ,312 ,313 ,314 ,315 ,316 ,317 ,318 ,319
320
321
170 ,322 ,323
324 ,325 ,326
327 ,328 ,329 ,330
331 12 ,332 ,333 ,334 ,30 ,335 ,263 ,336 ,337 ,338 ,339 ,340 ,288 ,149 ,341 ,342 ,343 ,344 ,234 ,345 ,346 ,314 ,347
348 ,349 ,350 ,263 ,298 ,351 ,352 ,313 ,353 ,354
355
328 ,356
357 ,358
248
359 ,360
263 ,361
361 ,263
362
363 ,364 ,365 ,366 ,367 ,368 ,263 ,369 ,49 ,209 ,370 ,371 ,372 ,373 ,374 ,375 ,376 ,377 ,378 ,379 ,182
220 ,380 ,381
0 ,263
18 ,235 ,382 ,383 ,384 ,385
386
387 ,388 ,389 ,14 ,390 ,331 5 ,298 ,391
387
355
392
393
394 ,288 ,395 ,396 ,397 ,194
5
398
399
5
114
400
401 ,402 ,403 ,404 ,313
230
405 ,406 ,407 ,408 ,409 ,410 ,411 ,412 ,259 ,413 ,261 ,414 ,415 ,416 ,417 ,418 ,265 ,419 ,420 ,421 ,38 ,269 ,422 ,423 ,424 ,44 ,425 ,51 ,403 ,426 ,427 ,428 ,429 ,144 ,430 ,431 ,432 ,433 ,434 ,435 ,436 ,437 ,438 ,439 ,440 ,441 ,148 ,67 ,442 ,443 ,220 ,221 ,372 ,444 ,445 ,446 ,447 ,294 ,448 ,449 ,450 ,327 ,451 ,452 ,453 ,454 ,455 ,456 ,457 ,458 ,436 403 45 ,241 ,459 ,460 ,461 ,174 ,315 ,462 ,463 ,464 ,465 ,466 ,391
9
263 ,467 ,18 ,4 ,468 ,147 ,6 ,469 ,470 ,93 ,95 9 ,98 ,184
471 ,215 ,132 ,170 ,51 ,156 ,298 ,184
387 ,132
472
473 ,474 ,44 ,356 ,273 ,475 ,476 ,146 ,477 ,478 ,479 ,480 ,352 ,481 ,482 ,313 ,353
483 ,484
146 ,400 ,114 ,485 ,115 ,486 ,170 ,487 ,273 ,56 ,184
380
170 ,488
415 ,489
335
490 ,230
491
492
493 ,494 ,495
493 ,494 ,495
496 ,345 ,497
497 ,496 ,345
321 ,498
156
263
417
337 ,97 ,499 ,500
501 ,502
503 ,41 ,170 ,504 ,5
505 ,506 ,18 ,507 ,508 ,487 ,509 ,295 ,386 ,510 ,298
511 ,275 ,378 ,512
282 ,513 ,514 ,515 ,263 ,298 ,516 ,170 ,93 ,95 9 ,248
501 ,517 ,518 ,508 ,487 ,275 ,315
417
519 ,18
518
286 ,520 ,449 ,263 ,33 ,517 ,521 ,38 ,522 ,523 ,524 ,525
18 ,170
526
19 ,38 ,515 ,263
91
527 ,219
528
19 ,38 ,515 ,529 ,263
530 ,531
5
6
162
219 ,295 ,66
530 ,531
532 ,533 ,263
6
321 ,348 ,534 ,535
536 ,537
263
538 ,162
263
539 ,540 ,541 ,542 ,256 ,260 ,324 ,325 ,293 24 ,543 ,156 ,481 ,235 ,452 ,165 ,544 ,331 ,459 ,524 ,248
545
546 ,263 ,547
546 ,263 ,547
545
27 ,548
545
487 25 ,549 55 ,230
530 ,531
539 ,432 ,551 ,552 ,260 ,553 ,554 45 ,555 ,556 ,156 ,557 ,248 ,230 ,209
501
501
298
6 ,156
147
8
1
386
558
170 ,559 ,560
561
562 ,167 ,170 ,563 ,564 ,5
170 ,459 ,114 ,565
566
280 ,41
567 ,295 ,66 ,219 ,399
263 ,568
353
569 ,531 ,570 ,530 ,386
263 ,568
36 ,170 ,571 ,313
353
18
540
572
142 ,44 ,399
113 ,573
132 ,574
162 ,575
142 ,399
576 ,114 ,41 ,399
577 ,399
246
258
1 ,286 ,578 ,579 ,263 ,580 ,581 ,582 ,583 ,584 ,585
258
357 ,358
450 ,586 ,214 ,587 ,588 ,589 ,315 ,590 ,591 ,586 59 ,593 ,454 ,594 ,455 ,595 ,403 45 ,596 ,597 ,598
167 ,56 ,170
140 ,209
95 9 ,41 ,195 ,170
220 ,362 ,313
450 ,588 ,589 ,590 ,454 ,594 ,455 ,595 ,596 ,597 ,586 ,214 ,587 ,315 ,591 ,586 59 ,593 ,403 45 ,598
19 ,1 ,599 ,600 ,601 ,602
603
356 ,604
140 ,209
311 ,232
356
605
19 ,21 ,187 ,24 ,29 ,195 ,51 ,55 ,209 ,213 ,65 ,68 ,70 ,72 ,220 ,74 ,78 ,79 ,80 ,225 ,82 ,230 ,231 ,91 ,95 9 ,241 ,242 ,100 ,109 ,256 ,113 ,121 ,267 ,127 ,270 ,271 ,272 ,278 ,152 ,153 ,154 ,293 24 ,162 ,163 ,304 ,308 ,313 ,178 ,318 ,184
93
1 ,246 ,209
606
5
605
607 ,24 ,608 ,28 ,132 ,41 ,273 ,52 ,527 ,609 ,62 ,280 ,213 ,285 ,610 ,611 ,71 ,152 ,225 ,163 ,612 ,165 ,613 ,170
356 ,604
614 ,615 ,114 ,162 ,616 ,184
170
617
399
399
526 ,450 ,493 ,618 ,619 ,356 ,620
469
602 ,356
220 ,380 ,381
170
220 ,380 ,381
219 ,278 ,399
621
526
622
570
298
623
624 ,625 ,441 ,66 ,626 ,114 ,556 ,156 ,490 ,459 31 ,298 ,230 ,503 ,232 ,387 ,130 ,627 ,132 ,269 ,550 ,602 ,315 ,353 ,338 ,628 ,177 ,209
629
549
630 ,93
399
298
400 ,631
632 ,633
634
400 ,631
356
362
18
233
1 ,563
556
56
635 ,577 ,93
18 ,636 ,170 ,93 ,71 ,112 ,228
313
637 ,167 ,24 ,638 ,639 ,263
184
170
0 ,640 ,256 ,641 ,3 ,642 ,5 ,6 ,156 ,7 ,230 ,165 ,9 ,643 ,241 ,644 ,313
184
281 ,209
645 ,193 ,399 ,36 ,646 ,170 ,93 ,56 ,5 ,647
1 ,648 ,399 ,36 ,649 ,170 ,571 ,174
650 ,651 ,87 ,167 ,51
645 ,193 ,399 ,36 ,646 ,170 ,93 ,174 ,56 ,5 ,647
652 ,315 ,653
654 ,655
656 ,657 ,256 ,658 ,415 ,417 ,537 ,659 ,660 ,120 ,661 ,34 ,356 ,337 ,537 49 ,662 ,663 ,338 ,664 ,57 ,500 ,400 ,220 ,665 ,666 ,536 ,553 ,667 ,342 ,668 ,343 ,501 ,352 ,669 ,538 ,670 ,535 ,671 ,346 ,314 ,672 ,391 ,673
18
481 ,170 ,51
674 ,675 ,551 ,354 ,477
19
676
437 ,677 ,678 ,679 ,398 ,324 ,325 ,680 ,681 ,682 ,683 ,684 ,685 ,606 ,686 ,687
688
551
67 ,689 ,690
624
552 ,156 24 ,259 ,260 ,553 ,293 24 ,554 45 ,556 ,490 ,156 ,691 ,230 ,343 ,128 ,91 ,260 15 ,692 ,338 ,557 ,248 ,209
18
114 ,246 ,170
661
41
661
661
114
281 ,6 ,257 ,693 ,297
694 ,695 ,696 ,697 ,698 ,699 ,501 ,303 ,700 ,701 ,95 9 ,702 ,703
704
705 ,501 ,537
503 ,343 ,165 ,189 ,170 ,220 ,114 ,706 ,707 ,708 ,230
263
109
258 ,385 ,263 ,298 ,85 ,165 ,709 ,170 ,710 ,310 ,602 ,246 ,56
132 ,51 ,114
476 ,189 ,711 ,114 ,132 ,165 ,41 ,170 ,51 ,712
1 ,189 ,713 ,114 ,706 ,707 ,490 ,230 ,714 ,503 ,343 ,715 ,165 ,423 ,170 ,93 ,51 ,52 ,189 71 ,716 ,708 ,717
476 ,132
718 ,719 ,720
273 ,721 ,230
132 ,51 ,114
170
476 ,132 ,711
476 ,132
273 ,721 ,230
24 ,263 ,198 ,17 ,56 ,58 ,6 ,233 ,87 ,722 ,181
215 ,230
723 ,70 ,273
348
273 ,724 ,298
714 ,220
637 ,167 ,24 ,638 ,639 ,263
220 ,170
343 ,315 ,490
165 ,725 ,319
726
343 ,315 ,490
212 ,727 ,728 ,584 ,71 ,399
170
721 ,273
189 ,713 ,114 ,490 ,263 ,714 ,729 ,132 ,423 ,730 ,51 ,52 ,716 ,717 ,215 ,731 ,483 ,706 ,707 ,230 ,503 ,343 ,715 ,732 ,165 ,170 ,93 ,171 ,733 734  ,189 71 ,735 ,708
170
215 ,230
215 ,165 ,348 ,736 ,230
737
736 ,556 ,738 ,739
740 ,6 ,263 ,298 ,741 ,85 ,91 ,175
624 ,742 ,66 ,219 ,189 ,384 ,490 ,263 ,230 ,743 ,714 ,487 ,744 ,745 ,177 ,316 ,746 ,209
434 ,747 ,748 ,331 12 ,220 ,749 ,324 ,556 ,750 ,604 ,751 ,752
624 ,753 ,189 ,754 ,714 ,755 ,338 22 ,756 ,757 ,288 ,758 ,298 ,759 ,230 ,760 ,91 ,761 ,189 71
762
452 ,490
490 ,230
602
577
763
492 25
224 ,170
91
91
209
572
184
376 ,310
92
572
19 ,21 ,187 ,24 ,27 ,29 ,195 ,35 ,36 ,37 ,39 ,202 ,40 ,43 ,46 ,47 ,51 ,205 ,55 ,207 ,209 ,61 ,62 ,213 ,65 ,217 ,68 ,219 ,70 ,72 ,220 ,74 ,78 ,79 ,80 ,225 ,82 ,230 ,231 ,86 ,234 ,235 ,87 ,236 ,91 ,238 ,95 9 ,241 ,242 ,100 ,104 ,251 ,107 ,108 ,109 ,255 ,256 ,111 ,259 ,113 ,115 ,262 ,117 ,118 ,119 ,121 ,263 ,123 ,267 ,127 ,270 ,271 ,272 ,276 ,277 ,278 ,284 ,287 ,289 ,149 ,290 ,152 ,153 ,154 ,293 24 ,161 ,162 ,301 ,163 ,304 ,306 ,307 ,308 ,311 ,174 ,313 ,314 ,178 ,318 ,183 ,185 ,184
91
607 ,552 ,6 ,764 ,156 ,765 ,41 ,766 ,95 9 ,5
492 25 ,91
492 25
184
156
184
767 ,91 ,50 ,487 25
768
170 ,769 ,490 ,741
258
767 ,91 ,50 ,487 25
1
554 ,472
156
569 31
184
315
311 ,537 ,770 ,389
771 ,147 ,599 ,273 ,577 ,56
356
772
773 ,1 ,774
687 ,775 ,156
109
156 ,553
343 ,553 ,293 24 ,338 ,490 ,156 ,91 ,691 ,209
193
91 ,170
91 ,170
776 ,777
537
481 ,170 ,171 ,51 ,263
778
170
779 17
38 ,386 ,292
220 ,114 ,342 ,327 ,235 ,780 ,93 ,781 ,466
782 ,232
492
209
782 ,232
783
224
224 ,170
698
324 ,784
783
224 ,170
1 ,785
786
635 ,372 ,787
490
788 ,789 ,790 ,791 ,398 ,258 ,114 ,193 ,792 ,577 ,119 ,265 ,793 ,33 ,794 ,131 ,41 ,795 ,271 ,796 ,797 ,5 ,703 ,798 ,799 ,737 ,285 ,66 ,800 ,801 ,69 ,70 ,802 ,803 ,804 ,805 ,449 ,759 ,230 ,806 ,170 ,310 ,644 ,807 ,808 ,809 ,177 ,810 ,811
213 ,230
559 ,560 ,170
57
119
812 ,813 ,814 ,300 ,230 ,209
815
530 ,258
91
95 9
816 ,258
556 ,156 ,156 24 ,342
815
817
298 ,818 ,170 ,95 9
212
263
156 ,308
91
109
556
819
536 ,537
541 ,820 ,821 ,31 ,822 ,823 ,824 ,825
577
540 ,826 ,595 ,596 ,827 ,416 ,828 ,784 ,598 ,44 ,829 ,386 ,830 ,831 ,594 ,444 ,450 ,454 ,455 ,391 ,832
38 ,833 ,834 ,258 ,263
156
295 ,776 ,835 ,777
273 ,787 ,399
836 ,263
128 ,535 ,735 ,263 ,837
838 ,839
840 ,841 ,842 ,184
562 ,167 ,170 ,563 ,564 ,5
843 ,392
771 ,844 ,569 ,531 ,91 ,845 ,550 ,487 ,346 ,846 ,209
91
641 ,847
848 ,156 24 ,553 ,556 ,156 ,342 ,230 ,91 ,550
657 ,400 ,849 ,850 ,537 ,566 ,490 ,121 ,667 ,313
415
400 ,313 ,667
851 ,852 ,853 ,193 ,759 ,131 ,854 ,209 ,811
400 ,313 ,667
667
215 ,706 ,556 ,490 ,739
128 ,557 ,550 ,209
1 ,855 ,263
215 ,1 ,552 ,739 ,153 ,260 ,553 ,706 ,490 ,128 ,856 ,550 ,10
128 ,156 ,557 ,552 ,550 ,209
550 ,209
857 ,367 ,415
718 ,858 ,859 ,730 ,209 ,860 ,60 ,63 ,861 ,862 ,294 ,863 ,864 ,241 ,248
91 ,246 ,209 ,865
528 ,866 ,66 ,71 ,867 ,156 ,263 ,698 ,868 ,91 ,307 ,869 ,5
870 ,871 ,872 ,873 ,691 ,342 ,38 ,91 ,874 ,875 ,307 ,492 ,609 ,876 ,512
91 ,209
870 ,871 ,872 ,873 ,691 ,342 ,38 ,91 ,874 ,875 ,307 ,492 ,609 ,876 ,512 ,209
784
877 ,870 ,91 ,856 ,878 ,497 ,879 ,880 ,57 ,184 ,209
435
434 ,881 ,882 ,443 ,444 ,324 ,415 ,416 ,454 ,44 ,403 ,459 ,315 ,883 ,391 ,621 ,430
435
654 ,884 ,209
399
885 ,338 ,552
881 ,282 ,732 ,886 ,454 ,403 ,537 49 ,324 ,315 ,883 ,386 ,391 ,621 ,784
637
737 ,887 ,70 ,888 ,889 ,890 ,343
637
85 ,263
251 ,43 ,891 ,25 ,475 ,892 ,244 ,537 ,893 ,156 ,894 ,895 ,33
896
897 ,298
817 ,898
554 ,899
900
170
92
298 ,897
901 ,490
92 ,497
258
248
170 ,258
298 ,902 ,492
156
903
732
904 ,344 ,351 ,345 ,674 ,663 ,905 ,338 ,906
92 ,389 ,906
282 ,657 ,907 ,361 ,70 ,477 ,256 ,908 ,909 ,30 ,225 ,910 ,668 ,342 ,330 ,351 ,496 ,901 ,911 ,912 ,913 ,346 ,353 ,914 ,915 ,916 ,917 ,918 ,919 ,920 ,921
904 ,345 ,922 ,905
408 ,596 ,923 ,353 ,924 ,350
925
95 9 ,773 ,926 ,167 ,927
273
170
209
857 ,97
928 ,91 ,896 ,109 ,487 ,490 ,929 ,865
836 ,562 ,563 ,263
490 ,5 ,109 ,865
132 ,170 ,71 ,114 ,263
147
209
57
34
121
661
536 ,537
175
501 ,661
170
220 ,930 ,537 ,308 50
170 ,504 ,931
324 ,591 ,586 59 ,454 ,750
624 ,739 ,556 ,298 ,314 ,628 ,209
170
932 ,162
18
66 ,933 ,934 ,935 ,114 ,556 ,490 ,691 ,298 ,230 ,343 ,503 ,232 ,387 ,130 ,550 ,241 ,177
327 ,387
936 ,219 ,490 ,156 ,230 ,343 ,937 ,938 ,165 ,550 ,554 ,315 ,184 ,209
932 ,256 ,56
816 ,258 ,939
399
624 ,940 ,941 ,942 ,215 ,452 ,943 ,944 ,945 ,739 ,487 ,946 ,947 ,948 ,949 ,490 ,950 ,951 ,952 ,953 ,229 ,230
215 ,452 ,165 ,954 ,189 ,554 ,459 ,315 ,721 ,114 ,490 ,609 ,955 ,230
723 ,554 ,956 ,315 ,230
957 ,911 ,958 ,14 ,361 ,535 ,959
624 ,742 ,66 ,219 ,189 ,384 ,490 ,263 ,230 ,743 ,714 ,487 ,744 ,745 ,177 ,316 ,746 ,209
315 ,732 ,114 ,41 ,170
537
230
165 ,189 ,114 ,556 ,568 ,230
189 ,739 ,114 ,556 ,960 ,961 ,230
114 ,490 ,41 ,962 ,57 ,963 ,63 ,964 ,300 ,965 ,501 ,966 ,508 ,98 ,967 ,869 ,968
969 ,970
327 ,170 ,399
132
971 ,972
973 ,507
56
502
327 ,41 ,170 ,399
974
132 ,93
132
974
263 ,300 ,975 ,92 ,249
540
0
92 ,300
44 ,976
386
44 ,248 ,399
44 ,977 ,399
978 ,869
214
44 ,248 ,399
248
44 ,977 ,399
977
44 ,977 ,399
979 ,980 ,6
557
981 ,43
473 ,596 ,313 ,350
487 25
399
924
348
608
870 ,71 ,982 ,184
924
348
486 ,983
46
323 ,608
840
219
984 ,521 ,263
969
452 ,490
624 ,657 ,754 ,554 45 ,490 ,120 ,751 ,641 ,985 ,338 22 ,986 ,730 ,744 ,57 ,703 ,771 ,213 ,987 ,723 ,148 ,988 ,989 ,149 ,990 ,220 ,341 ,758 ,230 ,503 ,232 ,760 ,452 ,241 ,315 ,991 ,185
607 ,552 ,6 ,764 ,156 ,765 ,41 ,766 ,95 9 ,5
256 ,98
273
645 ,193 ,399 ,36 ,646 ,170 ,93 ,56 ,5 ,647
561
52
810 ,91
992 ,506 ,722
993 ,170 ,840
95 9 ,170
994
603
870 ,263
399
17
603 ,399
263 ,298
509 ,995
17 ,996 ,246 ,263 ,603
91 ,997
992
170 ,559
114
997
263
998 ,995 ,999 ,194
624 ,625 ,441 ,66 ,189 ,114 ,490 ,459 31 ,230 ,232 ,132 ,269 ,932 ,550 ,315 ,338 ,177
39
66 ,114
1000 ,1001 ,1002 ,1003 ,1004 ,1005 ,1006 ,1007 ,1008 ,638 ,309 ,1009 ,1010 ,38 ,1011 ,1012 ,42 ,46 ,1013 ,1014 ,1015 ,1016 ,1017 ,1018 ,860 ,1019 ,1020 ,1021 ,63 ,64 ,217 ,1022 ,1023 ,1024 ,1025 ,1026 ,1027 ,1028 ,1029 ,806 ,1030 ,1031 ,1032 ,1033 ,1034 ,1035 ,1036 ,1037 ,1038 ,1039 ,1040 ,1041 ,1042 ,1043 ,1044 ,1045 ,1046 ,108 ,1047 ,1048 ,1049 ,259 ,1050 ,1051 ,385 ,1052 ,1053 ,1054 ,1055 ,1056 ,506 ,1057 ,1058 ,1059 ,1060 ,1061 ,1062 ,1063 ,1064 ,1065 ,757 ,1066 ,1067 ,987 ,1068 ,541 ,288 ,1069 ,1070 ,1071 ,1072 ,1073 ,1074 ,1075 ,873 ,1076 ,1077 ,1078 ,743 ,1079 ,164 ,899 ,1080 ,1081 ,1082 ,1083 ,1084 ,1085 ,1086 ,1087 ,1088 ,1089 ,968 ,1090 ,1091 ,1092
263
165 ,1093 ,490
215 ,156 ,298 ,471 ,132 ,170 ,51 ,184
313 ,298
1094 ,162
170 ,1095 ,650
275 ,1096 ,263
190
193 ,263
220 ,114 ,342 ,327 ,235 ,780 ,93 ,781 ,466
507 ,487 ,209
1097 ,1098 ,50 ,1099 ,1100 ,209
1
266 ,1101
501 ,507 ,520 ,1102 ,490 ,1103 ,965
18
312 ,263 ,510
51 ,132
147
275 ,1096 ,263
170
324
175
156
1104 ,194
770 ,657 ,400 ,849 ,850 ,537 ,566 ,490 ,121 ,667 ,18 ,487 ,313 ,1105 ,56
691 ,41
459 ,721 ,165 ,189 ,161
537 ,1094
351 ,298
263 ,1106
351 ,298
1107
219 ,331 ,209
263
1108 ,129 ,91 ,1109 ,492 ,1110 ,846 ,120
1111 ,877 ,1112 ,263 ,209
1113 ,574 ,1114 ,1115 ,1116 ,805 ,1117 ,1118 ,1119 ,1120 ,1121 ,1122 ,1123 ,492 ,1124 ,1125 ,1126 ,1127 ,209
1128
361 ,263
356
298
41 ,44 ,579 ,263
324
475 ,1129 ,1130 ,1131
463 ,477
766 ,527 ,1132 ,213
24
481 ,274 ,174 ,324
114
836 ,263 ,122
24
718 ,1133 ,1134 ,1135 ,2 ,1136 ,1137 ,1138 ,1139 ,1140 ,1141 ,1142 ,1143 ,1144 ,1145 ,419 ,17 ,1146 ,1147 ,1148 ,1149 ,1150 ,386 ,56 ,5 ,703 ,1151 ,63 ,1152 ,147 ,1153 ,1154 ,779 ,1155 ,553 ,515 ,1156 ,298 ,342 ,699 ,1157 ,1158 ,1159 ,1160 ,700 ,167 ,1161 ,307 ,1162 ,95 9 ,1163 ,378 ,1164 ,466 ,1165 ,1166 ,247 ,248 ,184
356
695 ,95 9 ,699
157
59 ,904 ,220 ,1167 ,472 ,1168 ,344 ,345 ,1169 ,1170 ,1171 ,1172 ,922 ,905 ,1173 ,906
1146
41 ,1174 ,1175 ,57 ,209 ,1176 ,66 ,552 ,1177 ,764 ,446 ,230 ,765 ,234 ,235 ,91 ,240 ,95 9 ,1039 ,1178 ,263 ,1179 ,1180 ,273 ,475 ,686 ,5 ,703 ,435 ,1181 ,6 ,814 ,156 ,1182 ,164 ,165 ,766 ,376 ,346
1183
8 ,1184
