0,0,0,0,0,0,0,0,0,0,0,0,
8,8,8,8,8,
10,10,
17,9,9,9,9,9,9,17,9,17,17,17,17,9,9,7,17,17,17,17,9,17,9,17,17,7,9,17,9,9,17,17,17,9,9,17,17,9,9,17,9,7,9,9,9,17,17,9,9,17,7,17,17,9,17,9,17,9,17,17,17,9,17,17,17,17,17,9,9,17,17,17,17,17,9,17,9,9,9,17,9,9,9,17,9,17,9,17,9,9,17,17,17,9,17,17,17,7,17,9,9,17,17,17,17,9,17,9,9,9,17,9,9,17,9,7,7,9,9,9,17,17,17,9,17,17,9,17,17,9,9,9,7,17,9,9,17,9,17,17,9,7,9,9,17,9,17,9,17,9,9,9,9,17,9,7,9,9,9,17,9,9,7,17,9,17,9,9,17,7,17,17,17,7,7,9,9,9,7,9,17,9,17,9,9,9,9,17,9,17,17,17,17,17,17,9,9,9,17,9,9,17,17,17,17,9,9,9,17,17,17,17,17,9,17,17,17,9,17,17,17,9,17,9,9,17,17,9,9,9,7,9,9,17,9,17,17,9,17,9,17,17,17,9,17,17,9,17,9,9,9,9,17,9,9,17,17,17,7,9,17,17,17,17,9,7,9,9,9,9,17,7,9,17,9,9,17,9,9,17,9,9,9,9,9,9,17,17,9,9,17,17,17,17,17,17,7,17,9,17,17,7,9,9,17,17,
0,
10,
2,2,2,
14,14,14,
13,13,13,13,
1,1,1,1,1,1,1,1,1,1,1,1,1,1,1,1,1,1,1,1,1,1,1,
10,11,11,10,10,11,11,11,11,11,
13,
13,13,
19,19,
13,
13,13,
10,10,
10,10,
8,
6,6,6,6,6,6,6,6,6,6,6,6,6,6,6,6,6,6,6,6,6,
19,19,19,
10,10,
12,12,12,12,12,12,
2,
8,8,8,8,8,8,8,8,
8,
13,
10,
18,
3,3,3,3,3,3,
0,
5,
13,
2,
18,
8,
8,8,8,8,8,
19,
4,4,4,4,4,4,4,4,4,4,4,4,4,4,4,4,4,4,4,4,4,4,4,4,4,4,4,4,4,4,4,4,4,4,4,4,4,4,4,4,4,4,4,4,4,4,4,4,4,4,4,4,4,4,4,4,4,4,4,4,4,4,4,4,4,4,4,4,4,4,4,4,4,4,4,4,4,4,4,4,4,4,4,
0,
0,0,0,0,0,0,0,0,0,0,0,0,0,
7,7,7,7,7,7,7,7,
5,5,
8,
11,11,11,11,11,11,11,11,11,11,11,11,11,11,11,11,11,
13,13,
8,8,7,8,7,8,7,8,7,8,7,
19,
0,0,
8,8,
1,
18,18,
13,
12,
8,8,8,
8,8,8,
1,1,1,
1,1,1,
2,2,
7,
10,
13,
1,1,1,1,
8,8,
0,0,0,0,0,
12,12,12,12,12,12,12,12,12,12,12,
15,15,15,15,
0,0,0,0,0,0,0,0,0,0,0,
8,8,8,8,8,8,8,
13,
0,0,
8,
15,15,15,15,15,15,15,15,15,15,15,15,
0,0,
8,
15,15,15,15,
10,
12,12,
15,
15,15,15,15,15,
2,2,
2,
11,
8,
12,12,12,
2,2,
10,10,10,
10,
10,10,10,10,
8,8,
10,
8,8,
10,
16,14,16,16,16,16,14,14,16,16,16,14,16,16,16,14,16,14,14,16,
10,
10,10,10,
10,10,10,
10,
0,0,
10,
12,12,12,
2,2,
16,16,16,16,16,16,16,16,16,16,16,16,16,16,
8,
8,
0,
7,7,
2,
0,
19,
2,
13,
19,19,19,
13,
0,0,0,0,0,0,
7,7,7,7,
8,
11,11,
12,12,12,12,12,
10,10,
2,
2,2,2,2,2,
10,10,
2,2,2,2,
2,
0,
19,
13,
13,13,13,
18,18,
7,7,
8,8,
13,13,
13,13,13,13,
2,2,
7,
2,
10,10,10,10,10,10,10,10,10,10,10,
2,
19,19,
14,14,14,14,14,14,14,14,14,14,14,14,14,14,14,14,14,14,14,
0,0,0,
12,12,
0,0,0,0,
8,8,8,
14,14,14,14,14,14,14,14,14,14,14,14,14,14,14,14,14,14,14,
2,2,2,2,2,2,
10,
13,13,
12,12,
5,5,
13,
2,
17,17,17,17,17,17,17,17,17,17,17,17,17,17,17,17,17,17,17,17,17,17,17,17,17,17,17,17,17,17,17,17,17,17,17,17,17,17,17,17,17,17,17,17,17,17,17,17,17,17,
19,
10,10,10,
0,
11,
13,
11,11,11,11,11,11,11,11,11,11,11,11,11,11,11,11,11,11,11,11,11,11,11,11,
13,13,
5,5,5,5,5,5,
0,
7,
13,
13,
13,13,13,13,13,13,13,
0,
13,13,
19,19,19,
11,
19,19,19,
13,13,13,
10,
13,
7,
2,
10,
2,
5,5,5,5,5,5,5,5,5,5,5,5,5,5,5,5,5,5,5,5,5,5,5,5,5,5,5,
5,
12,
2,2,
13,
12,
8,8,
2,2,
19,
8,8,
13,
8,
10,
10,
10,10,
16,
0,
2,2,2,
0,0,0,0,0,0,0,
8,
9,9,9,9,9,9,
16,
7,
0,0,0,0,0,0,0,0,0,0,0,0,0,0,0,0,0,
7,
12,12,
2,2,2,2,2,2,2,2,2,2,
2,2,2,2,2,2,2,2,
7,7,7,7,7,
2,2,2,2,2,2,2,2,2,2,2,
18,18,18,
12,12,
1,1,1,8,8,8,8,8,8,1,8,1,1,1,8,8,1,1,1,8,1,8,8,1,8,8,1,8,1,1,1,8,1,1,8,1,8,8,1,1,1,8,1,
10,
19,19,19,
11,11,11,11,11,
11,
13,
14,14,14,14,14,14,14,14,14,14,14,14,14,14,14,14,
7,
11,
4,4,4,
5,
16,16,16,16,16,16,16,16,16,16,16,16,16,16,16,16,16,16,16,16,16,
12,
7,7,7,
8,
13,
8,
10,
7,
11,11,11,11,11,
0,0,0,0,0,0,0,0,0,0,0,0,0,
8,
8,8,8,
19,19,19,19,19,19,19,19,19,19,19,
10,
12,
2,2,10,10,10,10,2,2,2,2,2,10,2,
7,7,7,
7,7,7,7,7,7,7,7,7,7,
19,19,19,19,19,19,19,19,19,19,19,19,19,19,19,19,19,19,19,19,19,19,
7,7,
6,6,6,
18,18,18,
19,19,19,
7,
7,7,7,
7,7,
18,18,18,
9,9,9,9,9,9,9,9,9,9,9,
18,18,
7,7,7,
10,
7,7,7,
19,19,
9,9,9,9,9,9,
19,19,
16,16,16,
18,18,18,
10,
16,16,16,
13,13,13,13,13,13,
2,
18,18,
19,19,19,19,19,19,19,19,19,19,19,19,19,19,19,19,19,19,19,19,19,19,19,19,19,19,19,19,19,19,19,19,
7,
18,18,
18,18,18,18,18,
7,
18,18,18,18,
10,10,10,10,10,10,10,10,
12,12,12,12,12,12,12,12,12,12,12,12,12,12,12,12,12,12,
4,4,4,4,4,4,4,4,4,4,4,4,
5,5,5,5,5,5,5,5,5,5,5,5,5,5,5,5,5,5,
2,
16,16,
18,18,
13,
2,
7,
12,
7,7,
12,
12,
12,
2,
16,
7,7,
10,
13,
17,17,17,17,17,17,17,17,17,17,17,17,17,17,17,17,17,17,17,17,17,17,17,17,17,17,17,17,17,17,17,17,17,17,17,17,17,17,17,17,17,17,17,17,17,17,17,17,17,17,17,17,17,17,17,17,17,17,17,17,17,17,17,17,17,17,17,17,17,17,17,17,17,17,17,17,17,17,17,17,17,17,17,17,17,17,17,17,17,17,17,17,17,17,17,17,17,17,17,17,17,17,
12,
11,11,11,11,11,11,11,11,11,11,
12,12,
12,
16,
15,
7,
12,12,12,12,
12,
12,12,12,12,
2,
12,12,12,12,
16,
18,18,
0,
7,
5,
5,
8,8,8,8,
2,2,2,2,2,2,
13,
13,
0,0,0,
16,16,16,
12,
16,16,
16,16,16,16,16,16,16,16,16,
2,
12,12,
12,12,
12,12,
8,
19,19,19,19,19,
12,
0,
6,
12,12,12,
5,5,5,5,5,5,5,5,5,
5,5,
12,
12,
5,5,
2,
7,
7,7,
2,
4,4,
2,
7,7,
10,10,
7,
2,2,2,
19,
7,7,7,7,7,7,7,7,7,7,7,7,7,7,7,7,7,7,7,7,7,7,7,7,7,7,7,7,7,7,7,7,7,7,7,7,7,7,7,7,7,7,7,7,7,7,7,7,7,
5,5,
19,19,19,
16,
12,
17,17,17,17,17,17,
13,
2,2,
15,
0,
2,2,
16,16,16,16,
13,
13,
0,0,0,0,
13,
12,
16,16,
15,
12,
18,
18,
8,8,
19,19,19,19,19,19,19,19,
7,
14,14,14,14,14,4,14,4,14,4,14,4,4,14,14,4,14,4,4,4,14,
15,15,15,15,15,
7,
12,12,12,12,
2,2,2,
10,10,
19,19,19,19,19,
10,10,
7,7,7,7,
0,0,0,0,0,0,
10,10,
12,12,12,12,12,12,12,12,12,12,12,
12,
0,0,
16,16,16,16,16,16,16,16,16,
8,8,8,8,8,8,8,8,8,8,
8,
8,8,8,
7,7,7,7,7,7,7,7,7,
8,8,8,
8,
16,16,16,16,16,
16,16,16,16,
2,10,10,
16,16,16,16,16,16,16,16,16,16,16,16,16,
16,16,16,16,16,16,
16,16,
4,4,4,
6,6,6,6,6,6,6,6,6,6,6,6,6,6,6,
12,12,12,12,
15,15,15,15,15,15,15,15,15,15,15,15,15,
15,15,15,15,15,15,15,15,15,15,15,15,15,15,15,
12,12,
15,15,15,15,15,15,15,15,15,15,15,15,15,15,15,15,
4,
16,16,16,16,16,16,16,16,16,16,16,
11,
4,4,4,4,4,4,4,4,4,4,4,4,4,4,4,4,4,
11,
12,12,12,
2,
16,16,16,
4,4,4,4,4,4,4,4,4,4,4,4,4,4,
13,
1,1,1,1,1,1,1,
13,
10,10,
15,15,15,15,15,15,15,15,15,15,15,15,15,
12,
10,10,
14,14,
18,18,
15,
2,
10,
10,10,
19,19,
10,10,
2,
16,
2,2,
12,12,12,
16,
13,
19,
18,18,18,18,18,18,18,18,18,
10,7,10,
1,1,1,1,1,1,1,1,1,1,1,1,1,1,1,1,1,1,1,1,1,1,1,1,1,1,1,1,1,1,1,
18,18,18,18,
11,11,11,11,11,11,
13,
0,0,0,0,0,
7,
19,
12,
1,1,
12,12,12,12,12,12,12,12,
10,10,10,10,
12,12,12,12,
19,19,19,19,19,
12,
16,
11,
13,
8,
10,
8,8,
10,
8,8,
12,
8,8,8,8,
0,0,0,
14,14,14,14,14,
5,5,5,5,5,5,5,
19,
5,5,
0,
5,5,5,5,5,5,5,5,5,5,5,5,5,5,5,5,5,5,
5,5,
16,16,16,16,16,16,16,16,16,16,16,16,16,16,
0,0,0,
2,2,2,
13,
18,18,18,18,18,18,18,18,18,18,18,18,18,18,18,18,18,18,18,18,18,18,
18,18,18,18,18,18,18,18,18,18,18,18,18,18,
18,18,18,18,18,
8,8,8,8,8,8,8,
12,12,12,12,12,12,12,12,12,12,12,12,12,12,12,12,12,12,
7,7,7,7,7,
8,
0,
18,19,18,18,18,18,
18,18,18,18,18,18,18,
16,16,16,16,16,16,16,16,16,16,16,16,16,16,16,16,16,
13,13,
13,13,13,
7,
9,9,
12,12,
2,
8,
13,13,7,13,
10,
19,19,
19,
10,
10,10,10,10,10,
14,
10,
10,10,
13,13,
2,
13,13,13,
13,13,13,
16,16,
14,
13,13,13,
7,
13,13,13,
13,
13,13,13,
0,0,0,
16,
15,15,
11,11,11,11,
12,
2,
11,
10,
2,
15,15,15,15,
11,
10,
8,8,
2,
2,2,
7,
12,
10,10,10,
13,
16,16,
5,5,5,5,5,5,5,5,5,5,5,5,5,5,5,5,5,5,5,5,5,5,5,5,5,5,5,5,5,5,5,5,5,5,5,5,
11,11,11,11,11,11,11,11,11,11,
0,0,
18,
2,2,2,2,2,2,2,2,2,2,
13,
19,
12,12,
10,10,10,
7,7,7,
0,0,
14,
10,
15,15,
13,
10,
13,13,
10,10,
12,12,
10,10,10,10,10,
12,12,
10,
19,19,
7,
12,
10,
14,14,14,14,
5,5,5,5,5,5,5,5,5,5,5,5,5,5,5,5,5,
17,
7,7,
3,3,3,3,3,3,3,3,3,3,3,3,3,3,3,3,3,3,3,3,3,3,3,3,3,3,3,3,3,3,3,3,3,3,3,3,3,3,3,3,3,3,3,3,3,3,3,3,3,3,3,3,3,3,3,3,3,3,3,3,3,3,3,3,3,3,3,3,3,3,3,3,3,3,3,3,3,3,3,3,3,3,3,3,3,3,3,3,3,3,3,3,3,3,3,3,3,3,3,3,3,3,3,3,3,3,3,3,3,3,3,3,3,3,3,3,
10,
19,19,19,
7,7,7,7,7,7,7,7,
8,8,
8,8,
7,7,7,
10,10,10,
9,
10,10,
5,5,5,5,5,5,5,5,5,
12,12,12,
12,12,12,12,12,12,
10,
12,12,
16,16,16,16,16,16,16,
10,
10,10,10,
19,19,
0,
10,10,10,
7,
14,
10,
16,
19,19,
8,8,8,8,8,8,8,8,8,8,8,8,8,8,8,
11,11,
18,18,18,18,18,
8,8,
10,10,
10,10,
10,10,
19,
16,16,16,
19,
12,12,12,12,12,12,12,12,
10,10,10,10,10,
14,14,14,14,14,14,14,14,14,14,14,14,14,14,14,14,14,14,14,
2,
10,10,
1,
10,
11,11,10,10,
14,
6,6,6,6,
11,11,
11,11,11,11,
16,
14,14,14,14,
19,
10,10,10,
16,
6,6,6,6,6,6,6,6,6,6,6,6,6,6,6,0,6,6,6,6,6,6,6,0,0,0,6,6,6,6,6,6,6,6,6,0,6,0,6,0,6,6,6,6,0,0,6,6,6,0,6,6,6,6,6,6,6,6,0,
13,
0,0,0,
11,
18,18,18,18,18,18,18,18,18,18,18,18,18,18,18,18,
6,
11,11,11,11,12,11,12,11,11,11,11,12,11,11,11,12,11,11,11,11,12,11,11,11,11,11,11,11,11,11,11,11,11,11,11,11,11,11,11,
10,
0,0,
0,0,0,0,0,0,0,0,0,0,0,0,
8,8,8,8,8,
10,10,
17,9,9,9,9,9,17,17,9,17,17,17,17,9,9,7,17,17,17,17,9,17,9,17,17,7,9,17,9,9,17,17,17,9,9,17,9,9,9,17,9,7,9,9,9,17,17,9,9,17,7,17,17,9,17,17,17,9,17,17,17,9,17,17,17,17,17,9,9,17,17,9,17,17,9,17,9,9,9,17,9,9,9,17,9,17,9,17,9,9,17,17,17,9,17,17,17,7,7,9,17,9,17,17,17,9,9,9,9,9,17,9,9,9,9,7,7,9,9,9,17,17,17,9,17,17,9,17,9,9,9,9,7,17,9,9,17,9,17,17,9,7,9,9,17,9,17,9,17,9,7,9,9,17,9,7,9,9,9,17,9,9,7,17,9,9,9,9,17,17,17,17,17,9,7,9,9,9,7,9,17,9,9,9,9,9,9,17,9,17,17,17,9,17,17,9,9,9,17,9,9,17,17,17,17,9,9,9,17,17,17,17,17,9,17,17,17,9,17,17,17,9,17,9,9,17,17,9,9,9,7,9,7,17,9,17,17,9,17,9,7,17,17,9,17,17,9,17,9,9,9,9,17,9,9,17,17,17,7,9,17,17,17,17,9,7,9,9,9,9,17,7,9,17,9,9,17,9,9,17,9,9,9,9,9,7,17,17,9,9,17,7,17,17,17,17,7,17,9,17,17,7,9,9,17,17,
0,
2,
2,2,2,
14,14,14,
13,13,13,13,
1,1,1,1,1,1,1,1,1,1,1,1,1,1,1,1,1,1,1,1,1,1,1,
11,11,11,10,10,11,11,11,11,11,
13,
13,13,
19,19,
16,
13,13,
10,10,
10,10,
8,
6,6,6,6,6,6,6,6,6,6,6,6,6,6,6,6,6,6,6,6,6,
19,19,19,
10,10,
12,12,12,12,12,12,
12,
8,8,8,8,8,8,8,8,
5,
13,
10,
7,
3,3,3,3,3,3,
2,
2,
13,
0,
18,
8,
8,8,8,8,8,
16,
4,4,4,4,4,4,4,4,4,4,4,4,4,4,4,4,4,4,4,4,4,4,4,4,4,4,4,4,4,4,4,4,4,4,4,4,4,4,4,4,4,4,4,4,4,4,4,4,4,4,4,4,4,4,4,4,4,4,4,4,4,4,4,4,4,4,4,4,4,4,4,4,4,4,4,4,4,4,4,4,4,4,4,
0,
0,0,0,0,0,0,0,0,0,0,0,0,0,
7,7,7,7,7,7,7,7,
5,5,
18,
11,11,11,11,11,11,11,11,11,11,11,11,11,11,11,11,11,
13,13,
8,8,7,8,7,8,7,8,7,8,7,
19,
0,0,
8,8,
2,
16,16,
13,
12,
8,8,8,
8,8,8,
1,1,1,
1,1,1,
2,2,
16,
10,
4,
1,1,1,1,
8,8,
0,0,0,0,0,
12,12,12,12,12,12,12,12,12,12,12,
15,15,15,15,
0,0,0,0,0,0,0,0,0,0,0,
8,8,8,8,8,8,8,
4,
0,0,
8,
15,15,15,15,15,15,15,15,15,15,15,15,
0,0,
8,
15,15,15,15,
12,
12,12,
15,
15,15,15,15,15,
2,2,
11,
0,
8,
12,12,12,
2,2,
10,10,10,
0,
10,10,10,10,
8,8,
10,
8,8,
10,
16,14,16,16,16,16,14,14,16,16,16,14,16,16,16,14,16,16,14,16,
10,
10,10,10,
10,10,10,
10,
0,0,
10,
12,12,12,
2,2,
16,16,16,16,16,16,16,16,16,16,16,16,16,16,
8,
8,
8,
11,11,
0,
0,
0,
2,
13,
19,19,19,
13,
0,0,0,0,0,0,
7,7,7,7,
8,
11,11,
12,12,12,12,12,
10,10,
2,
2,2,2,2,2,
10,10,
2,2,2,2,
11,
12,
14,
13,
13,13,13,
18,18,
5,5,
8,8,
13,13,
13,13,13,13,
2,2,
7,
2,
10,10,10,10,10,10,10,10,10,10,10,
7,
19,19,
14,14,14,14,14,14,14,14,14,14,14,14,14,14,14,14,14,14,14,
0,0,0,
12,12,
0,0,0,0,
8,8,8,
14,14,14,14,14,14,14,14,14,14,14,14,14,14,14,14,14,14,14,
2,2,2,2,2,2,
10,
13,13,
12,12,
5,5,
13,
13,
17,17,17,17,17,17,17,17,17,17,17,17,17,17,17,17,17,17,17,17,17,17,17,17,17,17,17,17,17,17,17,17,17,17,17,17,17,17,17,17,17,17,17,17,17,17,17,17,17,17,
2,
10,10,10,
11,
0,
13,
11,11,11,11,11,11,11,11,11,11,11,11,11,11,11,11,11,11,11,11,11,11,11,11,
13,13,
5,5,5,5,5,5,
12,
7,
2,
2,
13,13,13,13,13,13,13,
7,
13,13,
19,19,19,
2,
19,19,19,
13,13,13,
4,
15,
7,
2,
12,
2,
5,5,5,5,5,5,5,5,5,5,5,5,5,5,5,5,5,5,5,5,5,5,5,5,5,5,5,
5,
12,
2,2,
2,
8,
8,8,
2,2,
19,
8,8,
13,
8,
0,
10,
10,10,
16,
2,
2,2,2,
0,0,0,0,0,0,0,
8,
9,9,9,9,9,9,
16,
19,
0,0,0,0,0,0,0,0,16,0,16,16,0,0,0,0,0,
7,
12,12,
2,2,2,2,2,2,2,2,2,2,
2,2,2,2,2,2,2,2,
7,7,7,7,7,
2,2,2,2,2,2,2,2,2,2,2,
18,18,18,
12,12,
1,1,8,8,8,8,8,8,8,1,8,1,1,1,8,8,1,1,1,8,1,8,8,1,8,8,1,8,1,1,1,8,1,1,8,1,8,8,1,1,1,8,1,
7,
19,19,19,
11,11,11,11,11,
14,
10,
14,14,14,14,14,14,14,14,14,14,14,14,14,14,14,14,
7,
18,
4,4,4,
12,
16,16,16,16,16,16,16,16,16,16,16,16,16,16,16,16,16,16,16,16,16,
10,
7,7,7,
8,
0,
8,
8,
19,
11,11,11,11,11,
0,0,0,0,0,0,0,0,0,0,0,0,0,
0,
8,8,8,
19,19,19,19,19,19,19,19,19,19,19,
10,
17,
2,2,10,10,10,10,2,2,2,2,2,10,2,
19,19,19,
7,7,7,7,7,7,7,7,7,7,
19,19,19,19,19,19,19,19,19,19,19,19,19,19,19,19,19,19,19,19,19,19,
7,7,
6,6,6,
18,18,18,
7,7,7,
12,
7,7,7,
7,7,
18,18,18,
9,9,9,9,9,9,9,9,9,9,9,
18,18,
7,7,7,
10,
7,7,7,
19,19,
9,9,9,9,9,9,
19,19,
16,16,16,
18,18,18,
10,
5,5,5,
13,13,13,13,13,13,
19,
18,18,
19,19,19,19,19,19,19,19,19,19,19,19,19,19,19,19,19,19,19,19,19,19,19,19,19,19,19,19,19,19,19,19,
12,
16,16,
18,18,18,18,18,
7,
18,18,18,18,
10,10,10,10,10,10,10,10,
12,12,12,12,12,12,12,12,12,12,12,12,12,12,12,12,12,12,
4,4,4,4,4,4,4,4,4,4,4,4,
5,5,5,5,5,5,5,5,5,5,5,5,5,5,5,5,5,5,
2,
16,16,
18,18,
2,
2,
2,
12,
7,7,
10,
12,
12,
13,
7,
7,7,
10,
13,
17,17,17,17,17,17,17,17,17,17,17,17,17,17,17,17,17,17,17,17,17,17,17,17,17,17,17,17,17,17,17,17,17,17,17,17,17,17,17,17,17,17,17,17,17,17,17,17,17,17,17,17,17,17,17,17,17,17,17,17,17,17,17,17,17,17,17,17,17,17,17,17,17,17,17,17,17,17,17,17,17,17,17,17,17,17,17,17,17,17,17,17,17,17,17,17,17,17,17,17,17,17,
10,
11,11,11,11,11,11,11,11,11,11,
12,12,
12,
7,
16,
7,
12,12,12,12,
12,
12,12,12,12,
2,
12,12,12,12,
19,
18,18,
16,
7,
0,
5,
8,8,8,8,
2,2,2,2,2,2,
13,
13,
0,0,0,
16,16,16,
12,
16,16,
16,16,16,16,16,16,16,16,16,
7,
12,12,
12,0,
12,12,
8,
19,19,19,19,19,
12,
2,
10,
12,12,12,
5,5,5,5,5,5,5,5,5,
5,5,
15,
12,
5,5,
2,
7,
7,7,
0,
14,14,
2,
7,7,
10,10,
7,
2,2,2,
12,
7,7,7,7,7,7,7,7,7,7,7,7,7,7,7,7,7,7,7,7,7,7,7,7,7,7,7,7,7,7,7,7,7,7,7,7,7,7,7,7,7,7,7,7,7,7,7,7,7,
5,5,
19,19,19,
7,
11,
17,17,17,17,17,17,
13,
2,2,
15,
0,
2,2,
16,16,16,16,
13,
14,
0,0,0,0,
13,
10,
16,16,
12,
12,
18,
18,
8,8,
19,19,19,19,19,19,19,19,
2,
14,14,14,14,14,4,14,4,14,4,14,14,4,14,14,4,14,14,14,4,14,
15,15,15,15,10,
7,
12,12,12,12,
2,2,2,
19,19,
19,19,19,19,19,
10,10,
7,7,7,7,
0,0,0,0,0,0,
10,10,
12,12,12,12,12,12,12,12,12,12,12,
10,
0,0,
16,16,16,16,16,16,16,16,16,
8,8,8,8,8,8,8,8,8,8,
8,
8,8,8,
7,7,7,7,7,7,7,7,7,
8,8,8,
8,
16,16,16,16,16,
16,16,16,16,
10,10,10,
16,16,16,16,16,16,16,16,16,16,16,16,16,
16,16,16,16,16,16,
16,16,
4,4,4,
6,6,6,6,6,6,6,6,6,6,6,6,6,6,6,
12,12,12,12,
15,15,15,15,15,15,15,15,15,15,15,15,15,
15,15,15,15,15,15,15,15,15,15,15,15,15,15,15,
12,12,
15,15,15,15,15,15,15,15,15,15,15,15,15,15,15,15,
4,
16,16,16,16,16,16,16,16,16,16,16,
11,
4,4,4,4,4,4,4,4,4,4,4,4,4,4,4,4,4,
4,
12,12,12,
13,
16,16,16,
4,4,4,4,4,4,4,4,4,4,4,4,4,4,
13,
1,1,1,1,1,1,1,
13,
10,10,
15,15,15,15,15,15,15,15,15,15,15,15,15,
12,
10,10,
14,14,
18,18,
15,
0,
18,
10,10,
19,19,
10,10,
2,
16,
2,2,
10,12,12,
16,
13,
7,
18,18,18,18,18,18,18,18,18,
18,18,18,
1,1,1,1,1,1,1,1,1,1,1,1,1,1,1,1,1,1,1,1,1,1,1,1,1,1,1,1,1,1,1,
18,18,18,18,
11,11,11,11,11,11,
13,
0,0,0,0,0,
18,
7,
16,
1,1,
12,12,12,12,12,12,12,12,
10,10,10,10,
12,12,12,12,
19,19,19,19,19,
2,
12,
7,
13,
8,
8,
8,8,
9,
8,8,
7,
8,8,8,8,
0,0,0,
14,14,14,14,14,
5,5,5,5,5,5,5,
19,
5,5,
12,
5,5,5,5,5,5,5,5,5,5,5,5,5,5,5,5,5,5,
5,5,
16,16,16,16,16,16,16,16,16,16,16,16,16,16,
0,0,0,
2,2,2,
13,
18,18,18,18,18,18,18,18,18,18,18,18,18,18,18,18,18,18,18,18,18,18,
18,18,18,18,18,18,18,18,18,18,18,18,18,18,
18,18,18,18,18,
8,8,8,8,8,8,8,
12,12,12,12,12,12,12,12,12,12,12,12,12,12,12,12,12,12,
7,7,7,7,7,
8,
10,
18,18,18,18,18,18,
18,18,18,18,18,18,18,
16,16,16,16,16,16,16,16,16,16,16,16,16,16,16,16,16,
13,13,
13,13,13,
19,
9,9,
12,12,
2,
7,
13,13,13,13,
10,
19,19,
7,
18,
10,10,10,10,10,
0,
0,
10,10,
13,13,
2,
13,13,13,
13,13,13,
16,16,
14,
13,13,13,
6,
13,13,13,
13,
13,13,13,
0,0,0,
13,
15,15,
11,11,11,11,
12,
13,
11,
10,
2,
15,15,15,15,
11,
10,
8,8,
2,
2,2,
7,
12,
10,10,10,
13,
18,18,
5,5,5,5,5,5,5,5,5,5,5,5,5,5,5,5,5,5,5,5,5,5,5,5,5,5,5,5,5,5,5,5,5,5,5,5,
11,11,11,11,11,11,11,11,11,11,
0,0,
7,
2,2,2,2,2,2,2,2,2,2,
13,
19,
12,12,
10,10,10,
7,7,7,
0,0,
13,
13,
15,15,
2,
10,
13,13,
10,10,
12,12,
10,10,10,10,10,
12,12,
10,
19,19,
5,
12,
10,
14,14,14,14,
5,5,5,5,5,5,5,5,5,5,5,5,5,5,5,5,5,
1,
7,7,
3,3,3,3,3,3,3,3,3,3,3,3,3,3,3,3,3,3,3,3,3,3,3,3,3,3,3,3,3,3,3,3,3,3,3,3,3,3,3,3,3,3,3,3,3,3,3,3,3,3,3,3,3,3,3,3,3,3,3,3,3,3,3,3,3,3,3,3,3,3,3,3,3,3,3,3,3,3,3,3,3,3,3,3,3,3,3,3,3,3,3,3,3,3,3,3,3,3,3,3,3,3,3,3,3,3,3,3,3,3,3,3,3,3,3,3,
10,
19,19,19,
7,7,7,7,7,7,7,7,
8,8,
8,8,
7,7,7,
10,10,10,
2,
10,10,
5,5,5,5,5,5,5,5,5,
12,12,12,
12,12,12,12,12,12,
10,
12,12,
16,16,16,16,16,16,16,
12,
10,10,10,
19,19,
2,
10,10,10,
2,
14,
10,
15,
19,19,
8,8,8,8,8,8,8,8,8,8,8,8,8,8,8,
11,11,
18,18,18,18,18,
8,8,
10,10,
10,10,
10,10,
10,
16,16,16,
10,
12,12,12,12,12,12,12,12,
10,10,10,10,10,
14,14,14,14,14,14,14,14,14,14,14,14,14,14,14,14,14,14,14,
2,
10,10,
13,
12,
13,13,10,10,
14,
6,6,6,6,
11,11,
11,11,11,11,
16,
14,14,14,14,
19,
10,10,10,
16,
6,6,6,6,6,6,6,6,6,6,6,6,6,6,6,0,6,6,6,6,6,6,6,6,0,0,6,6,6,6,0,6,6,6,6,0,6,0,6,0,6,6,6,6,0,0,6,6,6,0,6,6,6,6,6,6,6,6,0,
13,
0,0,0,
13,
18,18,18,18,18,18,18,18,18,18,18,18,18,18,18,18,
6,
11,11,11,11,12,11,11,11,11,11,11,11,11,11,11,12,11,11,11,11,12,11,11,11,11,11,11,11,11,11,11,11,11,11,11,11,11,11,11,
10,
0,0,
